CONV NORM
# 33x33 convolution mask of a gaussian PSF with FWHM = *** pixels from 'mkconv.pro'.
0.003906 0.005465 0.007481 0.010022 0.013139 0.016856 0.021160 0.025995 0.031250 0.036762 0.042320 0.047675 0.052556 0.056695 0.059850 0.061827 0.062500 0.061827 0.059850 0.056695 0.052556 0.047675 0.042320 0.036762 0.031250 0.025995 0.021160 0.016856 0.013139 0.010022 0.007481 0.005465 0.003906 
0.005465 0.007645 0.010466 0.014021 0.018381 0.023581 0.029603 0.036366 0.043718 0.051430 0.059205 0.066696 0.073525 0.079316 0.083729 0.086494 0.087436 0.086494 0.083729 0.079316 0.073525 0.066696 0.059205 0.051430 0.043718 0.036366 0.029603 0.023581 0.018381 0.014021 0.010466 0.007645 0.005465 
0.007481 0.010466 0.014328 0.019195 0.025164 0.032282 0.040526 0.049786 0.059850 0.070408 0.081052 0.091307 0.100656 0.108583 0.114626 0.118411 0.119700 0.118411 0.114626 0.108583 0.100656 0.091307 0.081052 0.070408 0.059850 0.049786 0.040526 0.032282 0.025164 0.019195 0.014328 0.010466 0.007481 
0.010022 0.014021 0.019195 0.025715 0.033711 0.043247 0.054292 0.066696 0.080179 0.094323 0.108583 0.122322 0.134845 0.145466 0.153560 0.158631 0.160359 0.158631 0.153560 0.145466 0.134845 0.122322 0.108583 0.094323 0.080179 0.066696 0.054292 0.043247 0.033711 0.025715 0.019195 0.014021 0.010022 
0.013139 0.018381 0.025164 0.033711 0.044194 0.056695 0.071174 0.087436 0.105112 0.123654 0.142349 0.160359 0.176777 0.190700 0.201311 0.207960 0.210224 0.207960 0.201311 0.190700 0.176777 0.160359 0.142349 0.123654 0.105112 0.087436 0.071174 0.056695 0.044194 0.033711 0.025164 0.018381 0.013139 
0.016856 0.023581 0.032282 0.043247 0.056695 0.072733 0.091307 0.112169 0.134845 0.158631 0.182615 0.205719 0.226782 0.244643 0.258256 0.266785 0.269690 0.266785 0.258256 0.244643 0.226782 0.205719 0.182615 0.158631 0.134845 0.112169 0.091307 0.072733 0.056695 0.043247 0.032282 0.023581 0.016856 
0.021160 0.029603 0.040526 0.054292 0.071174 0.091307 0.114626 0.140815 0.169282 0.199143 0.229251 0.258256 0.284697 0.307120 0.324210 0.334917 0.338564 0.334917 0.324210 0.307120 0.284697 0.258256 0.229251 0.199143 0.169282 0.140815 0.114626 0.091307 0.071174 0.054292 0.040526 0.029603 0.021160 
0.025995 0.036366 0.049786 0.066696 0.087436 0.112169 0.140815 0.172989 0.207960 0.244643 0.281630 0.317263 0.349745 0.377291 0.398286 0.411439 0.415919 0.411439 0.398286 0.377291 0.349745 0.317263 0.281630 0.244643 0.207960 0.172989 0.140815 0.112169 0.087436 0.066696 0.049786 0.036366 0.025995 
0.031250 0.043718 0.059850 0.080179 0.105112 0.134845 0.169282 0.207960 0.250000 0.294099 0.338564 0.381400 0.420448 0.453563 0.478802 0.494614 0.500000 0.494614 0.478802 0.453563 0.420448 0.381400 0.338564 0.294099 0.250000 0.207960 0.169282 0.134845 0.105112 0.080179 0.059850 0.043718 0.031250 
0.036762 0.051430 0.070408 0.094323 0.123654 0.158631 0.199143 0.244643 0.294099 0.345977 0.398286 0.448677 0.494614 0.533570 0.563261 0.581862 0.588198 0.581862 0.563261 0.533570 0.494614 0.448677 0.398286 0.345977 0.294099 0.244643 0.199143 0.158631 0.123654 0.094323 0.070408 0.051430 0.036762 
0.042320 0.059205 0.081052 0.108583 0.142349 0.182615 0.229251 0.281630 0.338564 0.398286 0.458502 0.516512 0.569394 0.614240 0.648420 0.669834 0.677128 0.669834 0.648420 0.614240 0.569394 0.516512 0.458502 0.398286 0.338564 0.281630 0.229251 0.182615 0.142349 0.108583 0.081052 0.059205 0.042320 
0.047675 0.066696 0.091307 0.122322 0.160359 0.205719 0.258256 0.317263 0.381400 0.448677 0.516512 0.581862 0.641435 0.691955 0.730459 0.754582 0.762799 0.754582 0.730459 0.691955 0.641435 0.581862 0.516512 0.448677 0.381400 0.317263 0.258256 0.205719 0.160359 0.122322 0.091307 0.066696 0.047675 
0.052556 0.073525 0.100656 0.134845 0.176777 0.226782 0.284697 0.349745 0.420448 0.494614 0.569394 0.641435 0.707107 0.762799 0.805245 0.831838 0.840896 0.831838 0.805245 0.762799 0.707107 0.641435 0.569394 0.494614 0.420448 0.349745 0.284697 0.226782 0.176777 0.134845 0.100656 0.073525 0.052556 
0.056695 0.079316 0.108583 0.145466 0.190700 0.244643 0.307120 0.377291 0.453563 0.533570 0.614240 0.691955 0.762799 0.822878 0.868667 0.897355 0.907126 0.897355 0.868667 0.822878 0.762799 0.691955 0.614240 0.533570 0.453563 0.377291 0.307120 0.244643 0.190700 0.145466 0.108583 0.079316 0.056695 
0.059850 0.083729 0.114626 0.153560 0.201311 0.258256 0.324210 0.398286 0.478802 0.563261 0.648420 0.730459 0.805245 0.868667 0.917004 0.947288 0.957603 0.947288 0.917004 0.868667 0.805245 0.730459 0.648420 0.563261 0.478802 0.398286 0.324210 0.258256 0.201311 0.153560 0.114626 0.083729 0.059850 
0.061827 0.086494 0.118411 0.158631 0.207960 0.266785 0.334917 0.411439 0.494614 0.581862 0.669834 0.754582 0.831838 0.897355 0.947288 0.978572 0.989228 0.978572 0.947288 0.897355 0.831838 0.754582 0.669834 0.581862 0.494614 0.411439 0.334917 0.266785 0.207960 0.158631 0.118411 0.086494 0.061827 
0.062500 0.087436 0.119700 0.160359 0.210224 0.269690 0.338564 0.415919 0.500000 0.588198 0.677128 0.762799 0.840896 0.907126 0.957603 0.989228 1.000000 0.989228 0.957603 0.907126 0.840896 0.762799 0.677128 0.588198 0.500000 0.415919 0.338564 0.269690 0.210224 0.160359 0.119700 0.087436 0.062500 
0.061827 0.086494 0.118411 0.158631 0.207960 0.266785 0.334917 0.411439 0.494614 0.581862 0.669834 0.754582 0.831838 0.897355 0.947288 0.978572 0.989228 0.978572 0.947288 0.897355 0.831838 0.754582 0.669834 0.581862 0.494614 0.411439 0.334917 0.266785 0.207960 0.158631 0.118411 0.086494 0.061827 
0.059850 0.083729 0.114626 0.153560 0.201311 0.258256 0.324210 0.398286 0.478802 0.563261 0.648420 0.730459 0.805245 0.868667 0.917004 0.947288 0.957603 0.947288 0.917004 0.868667 0.805245 0.730459 0.648420 0.563261 0.478802 0.398286 0.324210 0.258256 0.201311 0.153560 0.114626 0.083729 0.059850 
0.056695 0.079316 0.108583 0.145466 0.190700 0.244643 0.307120 0.377291 0.453563 0.533570 0.614240 0.691955 0.762799 0.822878 0.868667 0.897355 0.907126 0.897355 0.868667 0.822878 0.762799 0.691955 0.614240 0.533570 0.453563 0.377291 0.307120 0.244643 0.190700 0.145466 0.108583 0.079316 0.056695 
0.052556 0.073525 0.100656 0.134845 0.176777 0.226782 0.284697 0.349745 0.420448 0.494614 0.569394 0.641435 0.707107 0.762799 0.805245 0.831838 0.840896 0.831838 0.805245 0.762799 0.707107 0.641435 0.569394 0.494614 0.420448 0.349745 0.284697 0.226782 0.176777 0.134845 0.100656 0.073525 0.052556 
0.047675 0.066696 0.091307 0.122322 0.160359 0.205719 0.258256 0.317263 0.381400 0.448677 0.516512 0.581862 0.641435 0.691955 0.730459 0.754582 0.762799 0.754582 0.730459 0.691955 0.641435 0.581862 0.516512 0.448677 0.381400 0.317263 0.258256 0.205719 0.160359 0.122322 0.091307 0.066696 0.047675 
0.042320 0.059205 0.081052 0.108583 0.142349 0.182615 0.229251 0.281630 0.338564 0.398286 0.458502 0.516512 0.569394 0.614240 0.648420 0.669834 0.677128 0.669834 0.648420 0.614240 0.569394 0.516512 0.458502 0.398286 0.338564 0.281630 0.229251 0.182615 0.142349 0.108583 0.081052 0.059205 0.042320 
0.036762 0.051430 0.070408 0.094323 0.123654 0.158631 0.199143 0.244643 0.294099 0.345977 0.398286 0.448677 0.494614 0.533570 0.563261 0.581862 0.588198 0.581862 0.563261 0.533570 0.494614 0.448677 0.398286 0.345977 0.294099 0.244643 0.199143 0.158631 0.123654 0.094323 0.070408 0.051430 0.036762 
0.031250 0.043718 0.059850 0.080179 0.105112 0.134845 0.169282 0.207960 0.250000 0.294099 0.338564 0.381400 0.420448 0.453563 0.478802 0.494614 0.500000 0.494614 0.478802 0.453563 0.420448 0.381400 0.338564 0.294099 0.250000 0.207960 0.169282 0.134845 0.105112 0.080179 0.059850 0.043718 0.031250 
0.025995 0.036366 0.049786 0.066696 0.087436 0.112169 0.140815 0.172989 0.207960 0.244643 0.281630 0.317263 0.349745 0.377291 0.398286 0.411439 0.415919 0.411439 0.398286 0.377291 0.349745 0.317263 0.281630 0.244643 0.207960 0.172989 0.140815 0.112169 0.087436 0.066696 0.049786 0.036366 0.025995 
0.021160 0.029603 0.040526 0.054292 0.071174 0.091307 0.114626 0.140815 0.169282 0.199143 0.229251 0.258256 0.284697 0.307120 0.324210 0.334917 0.338564 0.334917 0.324210 0.307120 0.284697 0.258256 0.229251 0.199143 0.169282 0.140815 0.114626 0.091307 0.071174 0.054292 0.040526 0.029603 0.021160 
0.016856 0.023581 0.032282 0.043247 0.056695 0.072733 0.091307 0.112169 0.134845 0.158631 0.182615 0.205719 0.226782 0.244643 0.258256 0.266785 0.269690 0.266785 0.258256 0.244643 0.226782 0.205719 0.182615 0.158631 0.134845 0.112169 0.091307 0.072733 0.056695 0.043247 0.032282 0.023581 0.016856 
0.013139 0.018381 0.025164 0.033711 0.044194 0.056695 0.071174 0.087436 0.105112 0.123654 0.142349 0.160359 0.176777 0.190700 0.201311 0.207960 0.210224 0.207960 0.201311 0.190700 0.176777 0.160359 0.142349 0.123654 0.105112 0.087436 0.071174 0.056695 0.044194 0.033711 0.025164 0.018381 0.013139 
0.010022 0.014021 0.019195 0.025715 0.033711 0.043247 0.054292 0.066696 0.080179 0.094323 0.108583 0.122322 0.134845 0.145466 0.153560 0.158631 0.160359 0.158631 0.153560 0.145466 0.134845 0.122322 0.108583 0.094323 0.080179 0.066696 0.054292 0.043247 0.033711 0.025715 0.019195 0.014021 0.010022 
0.007481 0.010466 0.014328 0.019195 0.025164 0.032282 0.040526 0.049786 0.059850 0.070408 0.081052 0.091307 0.100656 0.108583 0.114626 0.118411 0.119700 0.118411 0.114626 0.108583 0.100656 0.091307 0.081052 0.070408 0.059850 0.049786 0.040526 0.032282 0.025164 0.019195 0.014328 0.010466 0.007481 
0.005465 0.007645 0.010466 0.014021 0.018381 0.023581 0.029603 0.036366 0.043718 0.051430 0.059205 0.066696 0.073525 0.079316 0.083729 0.086494 0.087436 0.086494 0.083729 0.079316 0.073525 0.066696 0.059205 0.051430 0.043718 0.036366 0.029603 0.023581 0.018381 0.014021 0.010466 0.007645 0.005465 
0.003906 0.005465 0.007481 0.010022 0.013139 0.016856 0.021160 0.025995 0.031250 0.036762 0.042320 0.047675 0.052556 0.056695 0.059850 0.061827 0.062500 0.061827 0.059850 0.056695 0.052556 0.047675 0.042320 0.036762 0.031250 0.025995 0.021160 0.016856 0.013139 0.010022 0.007481 0.005465 0.003906 
