CONV NORM
# 31x31 convolution mask of a gaussian PSF with FWHM = *** pixels from 'mkconv.pro'.
0.003906 0.005584 0.007788 0.010598 0.014071 0.018227 0.023035 0.028404 0.034170 0.040107 0.045929 0.051316 0.055939 0.059494 0.061735 0.062500 0.061735 0.059494 0.055939 0.051316 0.045929 0.040107 0.034170 0.028404 0.023035 0.018227 0.014071 0.010598 0.007788 0.005584 0.003906 
0.005584 0.007983 0.011134 0.015151 0.020115 0.026056 0.032930 0.040604 0.048848 0.057335 0.065658 0.073359 0.079967 0.085049 0.088252 0.089347 0.088252 0.085049 0.079967 0.073359 0.065658 0.057335 0.048848 0.040604 0.032930 0.026056 0.020115 0.015151 0.011134 0.007983 0.005584 
0.007788 0.011134 0.015529 0.021132 0.028056 0.036342 0.045929 0.056633 0.068130 0.079967 0.091576 0.102317 0.111534 0.118622 0.123089 0.124616 0.123089 0.118622 0.111534 0.102317 0.091576 0.079967 0.068130 0.056633 0.045929 0.036342 0.028056 0.021132 0.015529 0.011134 0.007788 
0.010598 0.015151 0.021132 0.028756 0.038178 0.049454 0.062500 0.077065 0.092711 0.108819 0.124616 0.139231 0.151774 0.161420 0.167499 0.169576 0.167499 0.161420 0.151774 0.139231 0.124616 0.108819 0.092711 0.077065 0.062500 0.049454 0.038178 0.028756 0.021132 0.015151 0.010598 
0.014071 0.020115 0.028056 0.038178 0.050688 0.065658 0.082979 0.102317 0.123089 0.144475 0.165447 0.184852 0.201505 0.214311 0.222382 0.225139 0.222382 0.214311 0.201505 0.184852 0.165447 0.144475 0.123089 0.102317 0.082979 0.065658 0.050688 0.038178 0.028056 0.020115 0.014071 
0.018227 0.026056 0.036342 0.049454 0.065658 0.085049 0.107486 0.132535 0.159443 0.187144 0.214311 0.239447 0.261018 0.277606 0.288061 0.291632 0.288061 0.277606 0.261018 0.239447 0.214311 0.187144 0.159443 0.132535 0.107486 0.085049 0.065658 0.049454 0.036342 0.026056 0.018227 
0.023035 0.032930 0.045929 0.062500 0.082979 0.107486 0.135842 0.167499 0.201505 0.236514 0.270848 0.302615 0.329877 0.350841 0.364053 0.368567 0.364053 0.350841 0.329877 0.302615 0.270848 0.236514 0.201505 0.167499 0.135842 0.107486 0.082979 0.062500 0.045929 0.032930 0.023035 
0.028404 0.040604 0.056633 0.077065 0.102317 0.132535 0.167499 0.206533 0.248464 0.291632 0.333967 0.373137 0.406752 0.432602 0.448893 0.454459 0.448893 0.432602 0.406752 0.373137 0.333967 0.291632 0.248464 0.206533 0.167499 0.132535 0.102317 0.077065 0.056633 0.040604 0.028404 
0.034170 0.048848 0.068130 0.092711 0.123089 0.159443 0.201505 0.248464 0.298909 0.350841 0.401771 0.448893 0.489333 0.520431 0.540030 0.546726 0.540030 0.520431 0.489333 0.448893 0.401771 0.350841 0.298909 0.248464 0.201505 0.159443 0.123089 0.092711 0.068130 0.048848 0.034170 
0.040107 0.057335 0.079967 0.108819 0.144475 0.187144 0.236514 0.291632 0.350841 0.411796 0.471574 0.526883 0.574349 0.610849 0.633854 0.641713 0.633854 0.610849 0.574349 0.526883 0.471574 0.411796 0.350841 0.291632 0.236514 0.187144 0.144475 0.108819 0.079967 0.057335 0.040107 
0.045929 0.065658 0.091576 0.124616 0.165447 0.214311 0.270848 0.333967 0.401771 0.471574 0.540030 0.603368 0.657725 0.699524 0.725867 0.734867 0.725867 0.699524 0.657725 0.603368 0.540030 0.471574 0.401771 0.333967 0.270848 0.214311 0.165447 0.124616 0.091576 0.065658 0.045929 
0.051316 0.073359 0.102317 0.139231 0.184852 0.239447 0.302615 0.373137 0.448893 0.526883 0.603368 0.674136 0.734867 0.781569 0.811002 0.821058 0.811002 0.781569 0.734867 0.674136 0.603368 0.526883 0.448893 0.373137 0.302615 0.239447 0.184852 0.139231 0.102317 0.073359 0.051316 
0.055939 0.079967 0.111534 0.151774 0.201505 0.261018 0.329877 0.406752 0.489333 0.574349 0.657725 0.734867 0.801070 0.851978 0.884064 0.895025 0.884064 0.851978 0.801070 0.734867 0.657725 0.574349 0.489333 0.406752 0.329877 0.261018 0.201505 0.151774 0.111534 0.079967 0.055939 
0.059494 0.085049 0.118622 0.161420 0.214311 0.277606 0.350841 0.432602 0.520431 0.610849 0.699524 0.781569 0.851978 0.906122 0.940247 0.951905 0.940247 0.906122 0.851978 0.781569 0.699524 0.610849 0.520431 0.432602 0.350841 0.277606 0.214311 0.161420 0.118622 0.085049 0.059494 
0.061735 0.088252 0.123089 0.167499 0.222382 0.288061 0.364053 0.448893 0.540030 0.633854 0.725867 0.811002 0.884064 0.940247 0.975656 0.987753 0.975656 0.940247 0.884064 0.811002 0.725867 0.633854 0.540030 0.448893 0.364053 0.288061 0.222382 0.167499 0.123089 0.088252 0.061735 
0.062500 0.089347 0.124616 0.169576 0.225139 0.291632 0.368567 0.454459 0.546726 0.641713 0.734867 0.821058 0.895025 0.951905 0.987753 1.000000 0.987753 0.951905 0.895025 0.821058 0.734867 0.641713 0.546726 0.454459 0.368567 0.291632 0.225139 0.169576 0.124616 0.089347 0.062500 
0.061735 0.088252 0.123089 0.167499 0.222382 0.288061 0.364053 0.448893 0.540030 0.633854 0.725867 0.811002 0.884064 0.940247 0.975656 0.987753 0.975656 0.940247 0.884064 0.811002 0.725867 0.633854 0.540030 0.448893 0.364053 0.288061 0.222382 0.167499 0.123089 0.088252 0.061735 
0.059494 0.085049 0.118622 0.161420 0.214311 0.277606 0.350841 0.432602 0.520431 0.610849 0.699524 0.781569 0.851978 0.906122 0.940247 0.951905 0.940247 0.906122 0.851978 0.781569 0.699524 0.610849 0.520431 0.432602 0.350841 0.277606 0.214311 0.161420 0.118622 0.085049 0.059494 
0.055939 0.079967 0.111534 0.151774 0.201505 0.261018 0.329877 0.406752 0.489333 0.574349 0.657725 0.734867 0.801070 0.851978 0.884064 0.895025 0.884064 0.851978 0.801070 0.734867 0.657725 0.574349 0.489333 0.406752 0.329877 0.261018 0.201505 0.151774 0.111534 0.079967 0.055939 
0.051316 0.073359 0.102317 0.139231 0.184852 0.239447 0.302615 0.373137 0.448893 0.526883 0.603368 0.674136 0.734867 0.781569 0.811002 0.821058 0.811002 0.781569 0.734867 0.674136 0.603368 0.526883 0.448893 0.373137 0.302615 0.239447 0.184852 0.139231 0.102317 0.073359 0.051316 
0.045929 0.065658 0.091576 0.124616 0.165447 0.214311 0.270848 0.333967 0.401771 0.471574 0.540030 0.603368 0.657725 0.699524 0.725867 0.734867 0.725867 0.699524 0.657725 0.603368 0.540030 0.471574 0.401771 0.333967 0.270848 0.214311 0.165447 0.124616 0.091576 0.065658 0.045929 
0.040107 0.057335 0.079967 0.108819 0.144475 0.187144 0.236514 0.291632 0.350841 0.411796 0.471574 0.526883 0.574349 0.610849 0.633854 0.641713 0.633854 0.610849 0.574349 0.526883 0.471574 0.411796 0.350841 0.291632 0.236514 0.187144 0.144475 0.108819 0.079967 0.057335 0.040107 
0.034170 0.048848 0.068130 0.092711 0.123089 0.159443 0.201505 0.248464 0.298909 0.350841 0.401771 0.448893 0.489333 0.520431 0.540030 0.546726 0.540030 0.520431 0.489333 0.448893 0.401771 0.350841 0.298909 0.248464 0.201505 0.159443 0.123089 0.092711 0.068130 0.048848 0.034170 
0.028404 0.040604 0.056633 0.077065 0.102317 0.132535 0.167499 0.206533 0.248464 0.291632 0.333967 0.373137 0.406752 0.432602 0.448893 0.454459 0.448893 0.432602 0.406752 0.373137 0.333967 0.291632 0.248464 0.206533 0.167499 0.132535 0.102317 0.077065 0.056633 0.040604 0.028404 
0.023035 0.032930 0.045929 0.062500 0.082979 0.107486 0.135842 0.167499 0.201505 0.236514 0.270848 0.302615 0.329877 0.350841 0.364053 0.368567 0.364053 0.350841 0.329877 0.302615 0.270848 0.236514 0.201505 0.167499 0.135842 0.107486 0.082979 0.062500 0.045929 0.032930 0.023035 
0.018227 0.026056 0.036342 0.049454 0.065658 0.085049 0.107486 0.132535 0.159443 0.187144 0.214311 0.239447 0.261018 0.277606 0.288061 0.291632 0.288061 0.277606 0.261018 0.239447 0.214311 0.187144 0.159443 0.132535 0.107486 0.085049 0.065658 0.049454 0.036342 0.026056 0.018227 
0.014071 0.020115 0.028056 0.038178 0.050688 0.065658 0.082979 0.102317 0.123089 0.144475 0.165447 0.184852 0.201505 0.214311 0.222382 0.225139 0.222382 0.214311 0.201505 0.184852 0.165447 0.144475 0.123089 0.102317 0.082979 0.065658 0.050688 0.038178 0.028056 0.020115 0.014071 
0.010598 0.015151 0.021132 0.028756 0.038178 0.049454 0.062500 0.077065 0.092711 0.108819 0.124616 0.139231 0.151774 0.161420 0.167499 0.169576 0.167499 0.161420 0.151774 0.139231 0.124616 0.108819 0.092711 0.077065 0.062500 0.049454 0.038178 0.028756 0.021132 0.015151 0.010598 
0.007788 0.011134 0.015529 0.021132 0.028056 0.036342 0.045929 0.056633 0.068130 0.079967 0.091576 0.102317 0.111534 0.118622 0.123089 0.124616 0.123089 0.118622 0.111534 0.102317 0.091576 0.079967 0.068130 0.056633 0.045929 0.036342 0.028056 0.021132 0.015529 0.011134 0.007788 
0.005584 0.007983 0.011134 0.015151 0.020115 0.026056 0.032930 0.040604 0.048848 0.057335 0.065658 0.073359 0.079967 0.085049 0.088252 0.089347 0.088252 0.085049 0.079967 0.073359 0.065658 0.057335 0.048848 0.040604 0.032930 0.026056 0.020115 0.015151 0.011134 0.007983 0.005584 
0.003906 0.005584 0.007788 0.010598 0.014071 0.018227 0.023035 0.028404 0.034170 0.040107 0.045929 0.051316 0.055939 0.059494 0.061735 0.062500 0.061735 0.059494 0.055939 0.051316 0.045929 0.040107 0.034170 0.028404 0.023035 0.018227 0.014071 0.010598 0.007788 0.005584 0.003906 
