CONV NORM
# 13x13 convolution mask of a gaussian PSF with FWHM = 6.0 pixels from 'mkconv.pro'.
0.003906 0.009114 0.018227 0.031250 0.045929 0.057867 0.062500 0.057867 0.045929 0.031250 0.018227 0.009114 0.003906 
0.009114 0.021262 0.042525 0.072908 0.107155 0.135007 0.145816 0.135007 0.107155 0.072908 0.042525 0.021262 0.009114 
0.018227 0.042525 0.085049 0.145816 0.214311 0.270015 0.291632 0.270015 0.214311 0.145816 0.085049 0.042525 0.018227 
0.031250 0.072908 0.145816 0.250000 0.367434 0.462937 0.500000 0.462937 0.367434 0.250000 0.145816 0.072908 0.031250 
0.045929 0.107155 0.214311 0.367434 0.540030 0.680395 0.734867 0.680395 0.540030 0.367434 0.214311 0.107155 0.045929 
0.057867 0.135007 0.270015 0.462937 0.680395 0.857244 0.925875 0.857244 0.680395 0.462937 0.270015 0.135007 0.057867 
0.062500 0.145816 0.291632 0.500000 0.734867 0.925875 1.000000 0.925875 0.734867 0.500000 0.291632 0.145816 0.062500 
0.057867 0.135007 0.270015 0.462937 0.680395 0.857244 0.925875 0.857244 0.680395 0.462937 0.270015 0.135007 0.057867 
0.045929 0.107155 0.214311 0.367434 0.540030 0.680395 0.734867 0.680395 0.540030 0.367434 0.214311 0.107155 0.045929 
0.031250 0.072908 0.145816 0.250000 0.367434 0.462937 0.500000 0.462937 0.367434 0.250000 0.145816 0.072908 0.031250 
0.018227 0.042525 0.085049 0.145816 0.214311 0.270015 0.291632 0.270015 0.214311 0.145816 0.085049 0.042525 0.018227 
0.009114 0.021262 0.042525 0.072908 0.107155 0.135007 0.145816 0.135007 0.107155 0.072908 0.042525 0.021262 0.009114 
0.003906 0.009114 0.018227 0.031250 0.045929 0.057867 0.062500 0.057867 0.045929 0.031250 0.018227 0.009114 0.003906 
