CONV NORM
# 19x19 convolution mask of a gaussian PSF with FWHM = 9.0 pixels from 'mkconv.pro'.
0.003906 0.006990 0.011681 0.018227 0.026561 0.036143 0.045929 0.054503 0.060397 0.062500 0.060397 0.054503 0.045929 0.036143 0.026561 0.018227 0.011681 0.006990 0.003906 
0.006990 0.012508 0.020902 0.032616 0.047529 0.064676 0.082187 0.097529 0.108076 0.111840 0.108076 0.097529 0.082187 0.064676 0.047529 0.032616 0.020902 0.012508 0.006990 
0.011681 0.020902 0.034927 0.054503 0.079422 0.108076 0.137338 0.162974 0.180599 0.186888 0.180599 0.162974 0.137338 0.108076 0.079422 0.054503 0.034927 0.020902 0.011681 
0.018227 0.032616 0.054503 0.085049 0.123935 0.168649 0.214311 0.254316 0.281819 0.291632 0.281819 0.254316 0.214311 0.168649 0.123935 0.085049 0.054503 0.032616 0.018227 
0.026561 0.047529 0.079422 0.123935 0.180599 0.245758 0.312296 0.370591 0.410669 0.424970 0.410669 0.370591 0.312296 0.245758 0.180599 0.123935 0.079422 0.047529 0.026561 
0.036143 0.064676 0.108076 0.168649 0.245758 0.334425 0.424970 0.504297 0.558835 0.578295 0.558835 0.504297 0.424970 0.334425 0.245758 0.168649 0.108076 0.064676 0.036143 
0.045929 0.082187 0.137338 0.214311 0.312296 0.424970 0.540030 0.640835 0.710139 0.734867 0.710139 0.640835 0.540030 0.424970 0.312296 0.214311 0.137338 0.082187 0.045929 
0.054503 0.097529 0.162974 0.254316 0.370591 0.504297 0.640835 0.760457 0.842697 0.872042 0.842697 0.760457 0.640835 0.504297 0.370591 0.254316 0.162974 0.097529 0.054503 
0.060397 0.108076 0.180599 0.281819 0.410669 0.558835 0.710139 0.842697 0.933832 0.966350 0.933832 0.842697 0.710139 0.558835 0.410669 0.281819 0.180599 0.108076 0.060397 
0.062500 0.111840 0.186888 0.291632 0.424970 0.578295 0.734867 0.872042 0.966350 1.000000 0.966350 0.872042 0.734867 0.578295 0.424970 0.291632 0.186888 0.111840 0.062500 
0.060397 0.108076 0.180599 0.281819 0.410669 0.558835 0.710139 0.842697 0.933832 0.966350 0.933832 0.842697 0.710139 0.558835 0.410669 0.281819 0.180599 0.108076 0.060397 
0.054503 0.097529 0.162974 0.254316 0.370591 0.504297 0.640835 0.760457 0.842697 0.872042 0.842697 0.760457 0.640835 0.504297 0.370591 0.254316 0.162974 0.097529 0.054503 
0.045929 0.082187 0.137338 0.214311 0.312296 0.424970 0.540030 0.640835 0.710139 0.734867 0.710139 0.640835 0.540030 0.424970 0.312296 0.214311 0.137338 0.082187 0.045929 
0.036143 0.064676 0.108076 0.168649 0.245758 0.334425 0.424970 0.504297 0.558835 0.578295 0.558835 0.504297 0.424970 0.334425 0.245758 0.168649 0.108076 0.064676 0.036143 
0.026561 0.047529 0.079422 0.123935 0.180599 0.245758 0.312296 0.370591 0.410669 0.424970 0.410669 0.370591 0.312296 0.245758 0.180599 0.123935 0.079422 0.047529 0.026561 
0.018227 0.032616 0.054503 0.085049 0.123935 0.168649 0.214311 0.254316 0.281819 0.291632 0.281819 0.254316 0.214311 0.168649 0.123935 0.085049 0.054503 0.032616 0.018227 
0.011681 0.020902 0.034927 0.054503 0.079422 0.108076 0.137338 0.162974 0.180599 0.186888 0.180599 0.162974 0.137338 0.108076 0.079422 0.054503 0.034927 0.020902 0.011681 
0.006990 0.012508 0.020902 0.032616 0.047529 0.064676 0.082187 0.097529 0.108076 0.111840 0.108076 0.097529 0.082187 0.064676 0.047529 0.032616 0.020902 0.012508 0.006990 
0.003906 0.006990 0.011681 0.018227 0.026561 0.036143 0.045929 0.054503 0.060397 0.062500 0.060397 0.054503 0.045929 0.036143 0.026561 0.018227 0.011681 0.006990 0.003906 
